bart_lci: 0.6848855025921963

ldfact_lci: 0.7612331796367747

questeval_lci: 0.9120617110799444

bert_p_lci: 0.8233877707015663

bert_r_lci: 0.7977834762657771

bert_f1_lci: 0.809756479891477

blanc_help_lci: 0.7769582381051318

blanc_tune_lci: 0.8052779732582686

estime_alarms_lci: 0.8686497326203207

estime_soft_lci: 0.7322860647230873

estime_coherence_lci: 0.7127769486855701

bleurt_lci: 0.5753217259651787

meteor_lci: 0.7485886107020129

bleu_lci: 0.7894107089440623

chrf_lci: 0.7576686295125961

perplexity_lci: 0.693040630861217

sacrebleu_lci: 0.7886469239165953

lar_lci: 0.5013575010779823

rouge1_f1_lci: 0.7933565879453686

rouge2_f1_lci: 0.7988964880776352

rougeL_f1_lci: 0.8643773570184994

lens_lci: 0.5248596586213785

