bart_score_mean: -5.278133333333333

bart_score_std: 0.5286418338589439

ldfact_score_mean: -5.105433333333334

ldfact_score_std: 0.39011162711356767

questeval_score_mean: 0.30883333333333335

questeval_score_std: 0.039342951288533934

blanc_help_score_mean: 0.38720000000000004

blanc_help_score_std: 0.035845838502272964

blanc_tune_score_mean: 0.054633333333333325

blanc_tune_score_std: 0.0209341880636689

estime_alarms_mean: 128.36666666666667

estime_alarms_std: 16.62669920449581

estime_soft_mean: 0.25166666666666665

estime_soft_std: 0.06580238614965651

estime_coherence_mean: 0.09503333333333333

estime_coherence_std: 0.07195807368055437

bleurt_score_mean: 0.3304666666666666

bleurt_score_std: 0.05849475858236526

meteor_score_mean: 0.1873

meteor_score_std: 0.025320224981296043

bleu_score_mean: 0.01

bleu_score_std: 0.017917435161278538

chrf_score_mean: 39.449033333333325

chrf_score_std: 2.841249682353043

perplexity_score_mean: 28.743866666666666

perplexity_score_std: 5.97400650365792

sacrebleu_score_mean: 7.262966666666667

sacrebleu_score_std: 2.5889945789601527

lens_score_mean: 52.14823333333332

lens_score_std: 6.831145618483003

