rouge1_f1_mean: 0.28004688229973224

rouge1_f1_std: 0.040916378064278836

rouge2_f1_mean: 0.04909867631357174

rouge2_f1_std: 0.019645813383173505

rougeL_f1_mean: 0.17437497433278404

rougeL_f1_std: 0.031706491875059126

bert_p_mean: 0.6390178819497426

bert_p_std: 0.028381737136871643

bert_r_mean: 0.6221825063228608

bert_r_std: 0.03061106908461358

bert_f1_mean: 0.6303011079629263

bert_f1_std: 0.027398570707471835

LAR_mean: 0.8762977377813834

LAR_std: 0.10952172105076596

