rouge1_f1_mean: 0.372811791657757

rouge1_f1_std: 0.052806730689622834

rouge2_f1_mean: 0.08457533644095012

rouge2_f1_std: 0.032508168469372434

rougeL_f1_mean: 0.22586078118860312

rougeL_f1_std: 0.038036866350109264

bert_p_mean: 0.612638191036556

bert_p_std: 0.035084483318492544

bert_r_mean: 0.601732213428055

bert_r_std: 0.03709680306262278

bert_f1_mean: 0.6069705641787985

bert_f1_std: 0.034640398340657345

LAR_mean: 0.8125062242603124

LAR_std: 0.15838109640359466

